21020602
21020160
21020165
21020607
21020170
21021456
21020175
21021461
21021466
21020612
21020512
21020180
21020560
21021471
21021476
21020462
21020106
21020185
21021481
21020044
21021486
21020266
21020191
21020622
21020196
21021491
21020627
21020201
21021496
21020517
21020632
21021501
21020206
21020467
21021506
21020642
21020211
21020637
21021511
21020647
21020216
21020522
21021516
21020652
21021521
21020049
21020222
21020472
21020111
21020227
21021672
21021526
21020657
21021531
21020232
21020527
21021536
21020662
21021541
21020242
21020477
21020247
21021546
21020237
21020672